$ANSIBLE_VAULT;1.1;AES256
65383064666636333461653230333230623566323738303637383131636131653264363866346531
6365386234303139613937343532643935366230333063300a336334353838613165623634353732
38383138616336373835383832333166373932653061663833653836336263353434343838346532
3166343063646166350a396665306330613237386639656530396236396434333166353839326136
32613561666430666566666433353735396335336333613138303063313763303861616365396433
61643335313538393464616165343763356364636433653039343330623261323462313262313935
34393930393166643533636334633538633666663433383639613430313331303936386133393965
65366461363536393037346461386366656261306438323737373238636162373866623939666461
34623662346261306436316363323236383663383735383539376234643339633132663331666438
30313935643637616161643664363133306336323862356333313831313738313163333162366239
36303634623639316631336566343465616337313230663034316530646137343234353962623639
30626235333032616661363936333431313635353036336466353139323837356332353439656637
3036
